Scene Camera:
  Position: [-0.976551235, 1.07433796, -0.303122401]
  Rotation: [-0.458011866, 0.0441532098, 0.883751869, 0.0851953477]
  Speed: 0.0299999993
  Sensitivity: 100