Scene Camera:
  Position: [-2.54190207, 1.50381958, -2.76105738]
  Rotation: [0.651214778, -0.141881138, -0.728424609, -0.15870297]
  Speed: 0.0299999993
  Sensitivity: 100