Scene Camera:
  Position: [-2.71592402, 2.30512691, -0.156356275]
  Rotation: [0.861370325, -0.222820833, -0.441952258, -0.114325002]
  Speed: 0.0299999993
  Sensitivity: 100