Scene Camera:
  Position: [-3.24802876, 2.02164793, -0.727800786]
  Rotation: [0.869005144, -0.235168621, -0.420229793, -0.113721833]
  Speed: 0.0299999993
  Sensitivity: 100