Scene Camera:
  Position: [-2.24934506, 1.57544935, 1.52619576]
  Rotation: [0.722653568, -0.209609061, -0.632589042, -0.183485433]
  Speed: 0.0299999993
  Sensitivity: 100