Scene Camera:
  Position: [-2.60552239, 1.35892677, -3.9779036]
  Rotation: [0.808264494, -0.188488245, -0.543259263, -0.126688704]
  Speed: 0.0299999993
  Sensitivity: 100