Scene Camera:
  Position: [0.364573419, 5.33816147, 5.69545317]
  Rotation: [0.501664758, -0.317149818, 0.680284142, 0.430072039]
  Speed: 0.0299999993
  Sensitivity: 100