Scene Camera:
  Position: [-2.24936032, 0.741011918, -0.512532651]
  Rotation: [0.707294822, -0.14206256, -0.678937674, -0.136366919]
  Speed: 0.0299999993
  Sensitivity: 100