Scene Camera:
  Position: [3.48040867, 3.50293255, 3.67867422]
  Rotation: [0.948326051, -0.155158982, 0.273141444, 0.0446896367]
  Speed: 0.0299999993
  Sensitivity: 100