Scene Camera:
  Position: [-2.93536758, 1.81377029, -2.5726409]
  Rotation: [0.667501748, -0.188035488, -0.693484366, -0.195354804]
  Speed: 0.0299999993
  Sensitivity: 100