Scene Camera:
  Position: [-3.35146236, 1.50730526, -1.83791411]
  Rotation: [0.940603018, -0.147273004, -0.30222097, -0.047319632]
  Speed: 0.0299999993
  Sensitivity: 100