Scene Camera:
  Position: [-4.29454803, 2.63541532, -2.68832541]
  Rotation: [0.835397065, -0.11761228, -0.531672955, -0.0748521537]
  Speed: 0.0299999993
  Sensitivity: 100