Scene Camera:
  Position: [4.48618507, 2.22688103, 1.39272499]
  Rotation: [0.95638293, -0.281856775, -0.0736065507, -0.0216926765]
  Speed: 0.0299999993
  Sensitivity: 100