Scene Camera:
  Position: [-0.26305908, 3.37984276, 2.65779138]
  Rotation: [0.944499373, -0.147053406, -0.290265024, -0.0451926813]
  Speed: 0.0299999993
  Sensitivity: 100