Scene Camera:
  Position: [1.40838075, 1.93197453, -2.92531967]
  Rotation: [0.790936828, -0.294196248, 0.502872407, 0.187048033]
  Speed: 0.0299999993
  Sensitivity: 100