Scene Camera:
  Position: [-5.50542307, 2.74427056, -1.82588601]
  Rotation: [0.650917053, -0.202197731, -0.698787928, -0.217068121]
  Speed: 0.0299999993
  Sensitivity: 100