Scene Camera:
  Position: [-2.08221841, 0.708074749, -3.9972105]
  Rotation: [0.792606354, -0.236549869, -0.538507223, -0.160715103]
  Speed: 0.0299999993
  Sensitivity: 100