Scene Camera:
  Position: [3.95187998, 2.54158759, 0.0418266393]
  Rotation: [0.738886893, -0.123497374, 0.653352618, 0.1092012]
  Speed: 0.0299999993
  Sensitivity: 100