Scene Camera:
  Position: [-0.309881419, 3.09008002, 4.66943312]
  Rotation: [0.991853535, -0.0973347053, -0.0817810223, -0.00802551117]
  Speed: 0.0299999993
  Sensitivity: 100