Scene Camera:
  Position: [-3.69826436, 2.17626357, -2.61351037]
  Rotation: [0.754152, -0.193015143, -0.608093858, -0.155633509]
  Speed: 0.0299999993
  Sensitivity: 100