Scene Camera:
  Position: [-3.44122243, 1.86020052, -4.8059001]
  Rotation: [0.700504243, -0.125129774, -0.691644728, -0.123547219]
  Speed: 0.0299999993
  Sensitivity: 100