Scene Camera:
  Position: [2.90718508, 1.63646746, 2.28499174]
  Rotation: [0.909566998, -0.205539361, 0.352284253, 0.0796074197]
  Speed: 0.0299999993
  Sensitivity: 100