Scene Camera:
  Position: [2.96545815, 3.20345378, -2.02701712]
  Rotation: [0.736787736, -0.0754969046, 0.668395996, 0.0684889629]
  Speed: 0.0299999993
  Sensitivity: 100