Scene Camera:
  Position: [1.42207694, 4.30529499, -0.0137611013]
  Rotation: [0.00744228577, -0.00438066572, 0.861757815, 0.507246375]
  Speed: 0.0299999993
  Sensitivity: 100