Scene Camera:
  Position: [1.65914679, 0.804715276, -7.09489679]
  Rotation: [0.405425698, -0.074936226, 0.895876765, 0.165587977]
  Speed: 0.0299999993
  Sensitivity: 100