Texture: d8736698-3958-445b-a9e0-fa860fb9dc88
Albedo: [1, 0.486486435, 0, 1]
Tiling: 3.42000008