Name: DevProject
Last Scene: Scenes\EmptyTemplate.copper
Gizmo: 0
Scene Camera:
  Position: [-3.40345049, 1.80510902, -3.39001036]
  Rotation: [0.106032491, -0.0280508026, -0.960910261, -0.254207969]
  Speed: 0.0299999993
  Sensitivity: 110