Name: DevProject
Last Scene: Scenes\EmptyTemplate.copper
Gizmo: 0
Scene Camera:
  Position: [-0.506618679, 2.95720077, 4.24100494]
  Rotation: [0.991770089, -0.128015861, 0.00198338716, 0.000256011932]
  Speed: 0.0299999993
  Sensitivity: 110