Name: DevProject
Last Scene: Scenes\EmptyTemplate.copper
Gizmo: 0
Scene Camera:
  Position: [0.439251035, 2.55451226, -4.25000048]
  Rotation: [0.118303567, -0.0321349874, 0.957752824, 0.260155946]
  Speed: 0.0299999993
  Sensitivity: 110