Name: DevProject
Last Scene: Scenes\EmptyTemplate.copper
Gizmo: 0
Scene Camera:
  Position: [4.81465197, 2.90136313, 2.54637599]
  Rotation: [0.715743005, -0.17353116, 0.657414496, 0.159389466]
  Speed: 0.0299999993
  Sensitivity: 110