Name: DevProject
Last Scene: Scenes\EmptyTemplate.copper
Gizmo: 0
Scene Camera:
  Position: [2.33896327, 3.2395165, 2.83917737]
  Rotation: [-0.857107222, 0.412644893, -0.277845412, -0.133765623]
  Speed: 0.0299999993
  Sensitivity: 110