Name: DevProject
Last Scene: Scenes\EmptyTemplate.copper
Gizmo: 0
Scene Camera:
  Position: [5.41698694, 3.02542734, -2.15468955]
  Rotation: [0.634009778, -0.106919184, 0.755234182, 0.12736243]
  Speed: 0.0299999993
  Sensitivity: 110