Name: DevProject
Last Scene: Scenes\EmptyTemplate.copper
Gizmo: 0
Scene Camera:
  Position: [1.2759831, 3.57250571, 3.92405272]
  Rotation: [0.97673142, -0.153358996, -0.148107782, -0.0232547652]
  Speed: 0.0299999993
  Sensitivity: 110