Name: DevProject
Last Scene: Scenes\EmptyTemplate.copper
Gizmo: 0
Scene Camera:
  Position: [3.44877219, 4.60586405, -3.90213799]
  Rotation: [0.150203899, -0.0306117162, 0.968276918, 0.197335869]
  Speed: 0.0299999993
  Sensitivity: 110