Name: DevProject
Last Scene: Scenes\EmptyTemplate.copper
Gizmo: 0
Scene Camera:
  Position: [-1.88379276, 1.88496709, -3.77930975]
  Rotation: [0.115467921, -0.00632765656, -0.99180299, -0.0543509275]
  Speed: 0.0299999993
  Sensitivity: 110