Name: DevProject
Last Scene: Scenes\EmptyTemplate.copper
Gizmo: 0
Scene Camera:
  Position: [-1.44008827, 1.49725485, -4.53193521]
  Rotation: [0.10906028, -0.0156501122, -0.983833909, -0.14117983]
  Speed: 0.0299999993
  Sensitivity: 110