Name: DevProject
Last Scene: Scenes\EmptyTemplate.copper
Gizmo: 0
Scene Camera:
  Position: [5.83663654, 2.59613824, -2.13091254]
  Rotation: [-0.697022855, 0.125680909, -0.694745183, -0.125270218]
  Speed: 0.0299999993
  Sensitivity: 110