Name: DevProject
Last Scene: Scenes\EmptyTemplate.copper
Gizmo: 0
Scene Camera:
  Position: [-1.89552653, 1.49725485, -5.1028347]
  Rotation: [0.116649732, -0.0105990293, -0.989042222, -0.0898663625]
  Speed: 0.0299999993
  Sensitivity: 110