Name: DevProject
Last Scene: Scenes\EmptyTemplate.copper
Gizmo: 0
Scene Camera:
  Position: [0.908326149, 3.77861166, -6.31632853]
  Rotation: [0.160001382, -0.0232684799, 0.976569831, 0.142019361]
  Speed: 0.0299999993
  Sensitivity: 110