Name: DevProject
Last Scene: Scenes\EmptyTemplate.copper
Gizmo: 0
Scene Camera:
  Position: [-3.44222927, 5.06288099, 0.775086582]
  Rotation: [0.661040008, -0.207334355, -0.688085496, -0.215817139]
  Speed: 0.0299999993
  Sensitivity: 110