Name: DevProject
Last Scene: Scenes\ParentAndChild.copper
Gizmo: 0
Scene Camera:
  Position: [-3.27545094, 4.22640133, 4.38146019]
  Rotation: [0.75946486, -0.304511577, -0.533585727, -0.213944092]
  Speed: 0.0299999993
  Sensitivity: 110