Name: DevProject
Last Scene: Scenes\EmptyTemplate.copper
Gizmo: 0
Scene Camera:
  Position: [-2.18998051, 0.917426884, -0.621733069]
  Rotation: [-0.662187219, 0.176519409, 0.703678071, 0.187579632]
  Speed: 0.0299999993
  Sensitivity: 110