Name: DevProject
Last Scene: Scenes\EmptyTemplate.copper
Gizmo: 0
Scene Camera:
  Position: [-0.545001864, 1.24359179, 3.04551363]
  Rotation: [0.990187943, -0.113583706, 0.0808734074, 0.00927692745]
  Speed: 0.0299999993
  Sensitivity: 110