Name: DevProject
Last Scene: Scenes\EmptyTemplate.copper
Gizmo: 0
Scene Camera:
  Position: [1.64268136, 2.31323171, -6.24813366]
  Rotation: [-0.13301079, 0.0133525552, 0.986068487, 0.0989884734]
  Speed: 0.0299999993
  Sensitivity: 110