Name: DevProject
Last Scene: Scenes\EmptyTemplate.copper
Gizmo: 0
Scene Camera:
  Position: [-2.77203488, 3.69454885, -2.66715288]
  Rotation: [0.350938439, -0.163132191, -0.836155176, -0.388683081]
  Speed: 0.0299999993
  Sensitivity: 110