Name: DevProject
Last Scene: Scenes\ParentAndChild.copper
Gizmo: 0
Scene Camera:
  Position: [4.35536909, 1.64665878, -4.76341581]
  Rotation: [-0.0538964942, 0.011249329, 0.977419794, 0.204007998]
  Speed: 0.0299999993
  Sensitivity: 110