Name: DevProject
Last Scene: Scenes\EmptyTemplate.copper
Gizmo: 0
Scene Camera:
  Position: [6.88823032, 3.40797877, 3.92489624]
  Rotation: [0.92656374, -0.160756022, 0.335049301, 0.0581300482]
  Speed: 0.0299999993
  Sensitivity: 110