Name: DevProject
Last Scene: Scenes\EmptyTemplate.copper
Gizmo: 0
Scene Camera:
  Position: [4.6462636, 3.68120408, 3.79369688]
  Rotation: [0.967845917, -0.23949489, 0.074666366, 0.0184763018]
  Speed: 0.0299999993
  Sensitivity: 110